---
build/stylesheets/blank.gif: 2016-05-25 20:44:17.000000000 +00:00
build/stylesheets/fancybox_sprite.png: 2016-05-25 20:44:17.000000000 +00:00
build/stylesheets/fancybox_loading.gif: 2016-05-25 20:44:27.000000000 +00:00
build/stylesheets/fancybox_overlay.png: 2016-05-25 20:44:28.000000000 +00:00
build/img/purse4.jpg: 2016-05-25 20:44:27.000000000 +00:00
build/img/purse7small.jpg: 2016-05-25 20:44:25.000000000 +00:00
build/img/purse9small.jpg: 2016-05-25 20:44:26.000000000 +00:00
build/img/purse5small.jpg: 2016-05-25 20:44:25.000000000 +00:00
build/img/purse10.jpg: 2016-05-25 20:44:26.000000000 +00:00
build/img/purse2small.jpg: 2016-05-25 20:44:27.000000000 +00:00
build/img/purse13.jpg: 2016-05-25 20:44:26.000000000 +00:00
build/img/purse11.jpg: 2016-05-25 20:44:27.000000000 +00:00
build/img/purse13small.jpg: 2016-05-25 20:44:26.000000000 +00:00
build/img/purse8.jpg: 2016-05-25 20:44:28.000000000 +00:00
build/img/purse3.jpg: 2016-05-25 20:44:27.000000000 +00:00
build/img/purse4small.jpg: 2016-05-25 20:44:26.000000000 +00:00
build/img/purse8small.jpg: 2016-05-25 20:44:25.000000000 +00:00
build/img/contactbackground.jpg: 2016-05-25 20:44:27.000000000 +00:00
build/img/gardenart/gardenart1.jpg: 2016-05-25 20:44:27.000000000 +00:00
build/img/gardenart/portfolio33small.jpg: 2016-05-25 20:44:27.000000000 +00:00
build/img/gardenart/portfolio8small.jpg: 2016-05-25 20:44:26.000000000 +00:00
build/img/gardenart/gardenart1small.jpg: 2016-05-25 20:44:26.000000000 +00:00
build/img/gardenart/portfolio33.jpg: 2016-05-25 20:44:27.000000000 +00:00
build/img/gardenart/portfolio8.jpg: 2016-05-25 20:44:27.000000000 +00:00
build/img/section-background.jpg: 2016-05-26 18:34:15.000000000 +00:00
build/img/purse12.jpg: 2016-05-25 20:44:27.000000000 +00:00
build/img/windowart/windowart2.jpg: 2016-05-25 20:44:26.000000000 +00:00
build/img/windowart/windowart1.jpg: 2016-05-25 20:44:26.000000000 +00:00
build/img/windowart/windowart3small.jpg: 2016-05-25 20:44:26.000000000 +00:00
build/img/windowart/windowart4small.jpg: 2016-05-25 20:44:26.000000000 +00:00
build/img/windowart/windowart3.jpg: 2016-05-25 20:44:26.000000000 +00:00
build/img/windowart/windowart2small.jpg: 2016-05-25 20:44:26.000000000 +00:00
build/img/windowart/windowart1small.jpg: 2016-05-25 20:44:26.000000000 +00:00
build/img/windowart/windowart4.jpg: 2016-05-25 20:44:26.000000000 +00:00
build/img/purse5.jpg: 2016-05-25 20:44:26.000000000 +00:00
build/img/purse2.jpg: 2016-05-25 20:44:25.000000000 +00:00
build/img/purse1small.jpg: 2016-05-25 20:44:27.000000000 +00:00
build/img/purse6small.jpg: 2016-05-25 20:44:26.000000000 +00:00
build/img/purse3small.jpg: 2016-05-25 20:44:27.000000000 +00:00
build/img/purse6.jpg: 2016-05-25 20:44:26.000000000 +00:00
build/img/CynthiaR1.jpg: 2016-05-26 18:34:15.000000000 +00:00
build/img/purse1.jpg: 2016-05-25 20:44:28.000000000 +00:00
build/img/purse9.jpg: 2016-05-25 20:44:27.000000000 +00:00
build/img/purse12small.jpg: 2016-05-25 20:44:25.000000000 +00:00
build/img/purse10small.jpg: 2016-05-25 20:44:27.000000000 +00:00
build/img/countryheading.jpg: 2016-05-25 20:44:17.000000000 +00:00
build/img/purse7.jpg: 2016-05-25 20:44:27.000000000 +00:00
build/img/countrycollections_header.jpg: 2016-05-25 20:44:17.000000000 +00:00
build/img/purse11small.jpg: 2016-05-25 20:44:27.000000000 +00:00
