---
build/img/purse5.jpg: 2016-05-25 20:44:26.002955907 +00:00
build/img/purse8small.jpg: 2016-05-25 20:44:25.786956047 +00:00
build/img/purse13.jpg: 2016-05-25 20:44:26.034955886 +00:00
build/img/purse12small.jpg: 2016-05-25 20:44:25.778956052 +00:00
build/img/purse2.jpg: 2016-05-25 20:44:25.998955910 +00:00
build/img/purse5small.jpg: 2016-05-25 20:44:25.806956033 +00:00
build/img/purse10.jpg: 2016-05-25 20:44:26.006955904 +00:00
build/img/purse7small.jpg: 2016-05-25 20:44:25.834956015 +00:00
build/img/purse6.jpg: 2016-05-25 20:44:26.234955756 +00:00
build/img/windowart/windowart2small.jpg: 2016-05-25 20:44:26.046955878 +00:00
build/img/windowart/windowart1small.jpg: 2016-05-25 20:44:26.042955881 +00:00
build/img/windowart/windowart4.jpg: 2016-05-25 20:44:26.262955738 +00:00
build/img/windowart/windowart4small.jpg: 2016-05-25 20:44:26.234955756 +00:00
build/img/windowart/windowart3.jpg: 2016-05-25 20:44:26.626955502 +00:00
build/img/windowart/windowart1.jpg: 2016-05-25 20:44:26.598955520 +00:00
build/img/windowart/windowart3small.jpg: 2016-05-25 20:44:26.390955655 +00:00
build/img/windowart/windowart2.jpg: 2016-05-25 20:44:26.630955500 +00:00
build/img/purse9small.jpg: 2016-05-25 20:44:26.410955642 +00:00
build/img/purse6small.jpg: 2016-05-25 20:44:26.430955630 +00:00
build/img/purse4small.jpg: 2016-05-25 20:44:26.626955502 +00:00
build/img/purse11.jpg: 2016-05-25 20:44:27.030955241 +00:00
build/img/purse7.jpg: 2016-05-25 20:44:27.214955122 +00:00
build/img/section-background.jpg: 2016-05-26 18:34:15.488744870 +00:00
build/img/purse3.jpg: 2016-05-25 20:44:27.014955251 +00:00
build/img/purse13small.jpg: 2016-05-25 20:44:26.634955497 +00:00
build/img/purse9.jpg: 2016-05-25 20:44:27.054955225 +00:00
build/img/gardenart/gardenart1small.jpg: 2016-05-25 20:44:26.870955344 +00:00
build/img/gardenart/portfolio8small.jpg: 2016-05-25 20:44:26.858955352 +00:00
build/img/gardenart/gardenart1.jpg: 2016-05-25 20:44:27.042955233 +00:00
build/img/gardenart/portfolio33.jpg: 2016-05-25 20:44:27.446954971 +00:00
build/img/gardenart/portfolio33small.jpg: 2016-05-25 20:44:27.194955135 +00:00
build/img/gardenart/portfolio8.jpg: 2016-05-25 20:44:27.414954992 +00:00
build/img/purse10small.jpg: 2016-05-25 20:44:27.270955085 +00:00
build/img/purse4.jpg: 2016-05-25 20:44:27.654954837 +00:00
build/img/purse8.jpg: 2016-05-25 20:44:28.042954585 +00:00
build/img/purse12.jpg: 2016-05-25 20:44:27.798954743 +00:00
build/img/purse3small.jpg: 2016-05-25 20:44:27.442954974 +00:00
build/img/purse2small.jpg: 2016-05-25 20:44:27.454954966 +00:00
build/img/purse1.jpg: 2016-05-25 20:44:28.054954577 +00:00
build/img/contactbackground.jpg: 2016-05-25 20:44:27.826954725 +00:00
build/img/countryheading.jpg: 2016-05-25 20:44:17.550961382 +00:00
build/img/CynthiaR1.jpg: 2016-05-26 18:34:15.456744891 +00:00
build/img/purse11small.jpg: 2016-05-25 20:44:27.662954831 +00:00
build/img/countrycollections_header.jpg: 2016-05-25 20:44:17.550961382 +00:00
build/img/purse1small.jpg: 2016-05-25 20:44:27.874954694 +00:00
build/stylesheets/fancybox_loading.gif: 2016-05-25 20:44:27.858954705 +00:00
build/stylesheets/fancybox_overlay.png: 2016-05-25 20:44:28.190954489 +00:00
build/stylesheets/blank.gif: 2016-05-25 20:44:17.558961377 +00:00
build/stylesheets/fancybox_sprite.png: 2016-05-25 20:44:17.502961413 +00:00
